%YAML:1.0
---
calibration_time: "Thu 09 Aug 2018 01:51:57 PM EDT"
image_width: 1280
image_height: 800
flags: 0
camera_matrix: !!opencv-matrix
   rows: 3
   cols: 3
   dt: d
   data: [ 922.74796,      0., 617.83776,
               0., 922.77067, 350.99043,
               0.,      0.,                      1. ]
distortion_coefficients: !!opencv-matrix
   rows: 1
   cols: 5
   dt: d
   data: [0,0,0,0,0 ]
avg_reprojection_error: 1.3376863222123998e+00
